100
89 47 27 47 20 10 42 89 72 90 83 12 40 23 71 77 68 49 22 86 19 60 68 83 77 22 27 51 95 12 12 25 24 55 33 93 50 40 62 33 49 64 24 52 35 37 2 81 79 94 95 7 14 90 14 42 77 76 29 26 4 17 63 56 91 71 42 59 17 90 73 29 9 76 63 31 10 91 48 24 71 1 4 91 92 47 30 66 85 58 83 74 93 20 56 1 67 43 64 24 100
19 43
18 85
39 93
46 81
42 77
3 9
19 84
33 49
26 85
27 52
5 71
3 76
63 87
36 52
12 72
21 23
3 71
12 23
8 49
22 96
4 20
54 56
25 79
18 40
12 71
7 90
12 51
7 28
12 22
86 90
29 53
61 79
38 91
74 97
74 99
15 23
37 74
74 79
45 48
8 100
27 57
52 97
11 22
8 80
8 74
9 24
13 40
6 92
32 94
7 53
11 17
21 100
74 91
38 62
45 56
22 37
44 90
24 96
5 8
6 51
94 98
85 90
13 51
49 89
2 79
29 83
34 100
12 32
22 77
31 44
36 38
25 74
83 95
59 88
29 99
5 38
44 69
79 94
74 76
8 100
14 36
44 100
55 69
54 90
5 16
38 73
73 100
24 36
40 50
53 71
59 73
40 46
57 76
29 73
15 33
66 75
11 11
47 51
22 99
13 25
